# This is for paper [ICME 2025] Variance-Reduction Guidance: Sampling Trajectory Optimization for Diffusion Models
# dataset: LSUN Bedroom
# pre-trained model: https://github.com/pesser/pytorch_diffusion?tab=readme-ov-file
# pre-trained model: https://heibox.uni-heidelberg.de/d/01207c3f6b8441779abf/?p=%2Fdiffusion_models_converted%2Fema_diffusion_cifar10_model&mode=list
# pre-trained model: ema-cifar10-model-790000.ckpt
#
# ts : timestep
# MSE: mean squared error between predicted noise and ground-truth noise
#      The MSE value below is the average of all dimensions.
#
# ts  	alpha_bar	MSE
   1	0.999900	0.55511239
   2	0.999780	0.48527061
   3	0.999640	0.44198234
   4	0.999481	0.40989899
   5	0.999301	0.38416247
   6	0.999102	0.36232189
   7	0.998882	0.34368975
   8	0.998643	0.32732044
   9	0.998384	0.31305276
  10	0.998105	0.30020758
  11	0.997807	0.28852950
  12	0.997488	0.27770914
  13	0.997150	0.26811190
  14	0.996792	0.25916386
  15	0.996414	0.25114734
  16	0.996017	0.24349654
  17	0.995600	0.23624247
  18	0.995163	0.22970486
  19	0.994707	0.22371856
  20	0.994231	0.21772712
  21	0.993735	0.21235960
  22	0.993220	0.20719498
  23	0.992686	0.20238009
  24	0.992131	0.19782925
  25	0.991558	0.19348358
  26	0.990965	0.18918180
  27	0.990353	0.18526047
  28	0.989721	0.18155330
  29	0.989070	0.17783895
  30	0.988400	0.17441368
  31	0.987710	0.17135205
  32	0.987002	0.16798030
  33	0.986274	0.16479518
  34	0.985527	0.16182889
  35	0.984761	0.15915652
  36	0.983976	0.15639437
  37	0.983172	0.15383315
  38	0.982349	0.15131553
  39	0.981507	0.14895911
  40	0.980646	0.14661771
  41	0.979767	0.14437894
  42	0.978869	0.14220128
  43	0.977952	0.14014886
  44	0.977016	0.13810870
  45	0.976062	0.13608366
  46	0.975090	0.13413405
  47	0.974099	0.13236196
  48	0.973089	0.13046332
  49	0.972062	0.12863466
  50	0.971016	0.12701731
  51	0.969951	0.12533521
  52	0.968869	0.12358473
  53	0.967768	0.12209223
  54	0.966650	0.12046118
  55	0.965514	0.11906798
  56	0.964359	0.11763293
  57	0.963187	0.11639179
  58	0.961997	0.11486180
  59	0.960789	0.11347573
  60	0.959564	0.11212396
  61	0.958321	0.11076733
  62	0.957061	0.10960907
  63	0.955783	0.10831936
  64	0.954488	0.10705009
  65	0.953176	0.10597533
  66	0.951846	0.10484319
  67	0.950500	0.10364948
  68	0.949136	0.10269083
  69	0.947756	0.10165959
  70	0.946358	0.10043281
  71	0.944944	0.09947351
  72	0.943513	0.09847196
  73	0.942065	0.09740782
  74	0.940601	0.09660310
  75	0.939121	0.09556659
  76	0.937624	0.09458994
  77	0.936110	0.09369422
  78	0.934581	0.09276691
  79	0.933035	0.09196467
  80	0.931474	0.09100963
  81	0.929896	0.09023187
  82	0.928303	0.08938984
  83	0.926694	0.08848070
  84	0.925069	0.08764443
  85	0.923428	0.08687193
  86	0.921773	0.08625619
  87	0.920101	0.08549111
  88	0.918415	0.08448361
  89	0.916713	0.08386866
  90	0.914996	0.08324633
  91	0.913264	0.08243109
  92	0.911517	0.08175799
  93	0.909756	0.08100278
  94	0.907979	0.08046255
  95	0.906188	0.07979244
  96	0.904383	0.07907134
  97	0.902563	0.07841864
  98	0.900729	0.07769002
  99	0.898880	0.07714006
 100	0.897018	0.07654828
 101	0.895141	0.07588044
 102	0.893251	0.07526505
 103	0.891347	0.07472558
 104	0.889429	0.07410845
 105	0.887497	0.07354260
 106	0.885552	0.07299507
 107	0.883594	0.07228674
 108	0.881622	0.07189124
 109	0.879637	0.07128236
 110	0.877639	0.07080852
 111	0.875629	0.07019129
 112	0.873605	0.06981364
 113	0.871569	0.06909532
 114	0.869520	0.06876016
 115	0.867458	0.06822581
 116	0.865384	0.06769099
 117	0.863298	0.06723468
 118	0.861200	0.06669918
 119	0.859089	0.06626747
 120	0.856967	0.06574654
 121	0.854832	0.06530834
 122	0.852687	0.06478780
 123	0.850529	0.06441516
 124	0.848360	0.06393714
 125	0.846180	0.06348905
 126	0.843988	0.06305461
 127	0.841785	0.06261384
 128	0.839572	0.06229480
 129	0.837347	0.06173781
 130	0.835112	0.06139775
 131	0.832865	0.06095666
 132	0.830609	0.06048517
 133	0.828342	0.06009223
 134	0.826064	0.05970018
 135	0.823777	0.05932079
 136	0.821479	0.05890561
 137	0.819171	0.05857367
 138	0.816854	0.05821619
 139	0.814527	0.05789314
 140	0.812190	0.05742038
 141	0.809844	0.05695351
 142	0.807488	0.05669816
 143	0.805123	0.05636144
 144	0.802750	0.05591762
 145	0.800367	0.05562300
 146	0.797975	0.05520810
 147	0.795574	0.05493870
 148	0.793165	0.05453264
 149	0.790747	0.05419377
 150	0.788321	0.05389128
 151	0.785887	0.05350498
 152	0.783444	0.05316225
 153	0.780994	0.05296025
 154	0.778536	0.05247838
 155	0.776069	0.05226046
 156	0.773596	0.05188755
 157	0.771114	0.05159140
 158	0.768626	0.05127611
 159	0.766130	0.05089646
 160	0.763626	0.05052521
 161	0.761116	0.05036755
 162	0.758599	0.05003242
 163	0.756075	0.04977195
 164	0.753545	0.04955006
 165	0.751008	0.04909238
 166	0.748464	0.04890042
 167	0.745914	0.04858553
 168	0.743358	0.04826431
 169	0.740797	0.04794698
 170	0.738229	0.04781444
 171	0.735655	0.04750419
 172	0.733075	0.04725737
 173	0.730490	0.04683643
 174	0.727900	0.04657502
 175	0.725304	0.04636210
 176	0.722703	0.04612278
 177	0.720097	0.04593877
 178	0.717486	0.04558885
 179	0.714871	0.04536831
 180	0.712250	0.04499562
 181	0.709625	0.04481579
 182	0.706995	0.04459268
 183	0.704362	0.04429060
 184	0.701724	0.04405965
 185	0.699081	0.04373506
 186	0.696435	0.04351366
 187	0.693785	0.04328313
 188	0.691131	0.04305324
 189	0.688474	0.04290115
 190	0.685813	0.04253468
 191	0.683149	0.04236684
 192	0.680481	0.04212169
 193	0.677811	0.04189774
 194	0.675137	0.04158110
 195	0.672461	0.04146624
 196	0.669782	0.04115268
 197	0.667099	0.04096028
 198	0.664415	0.04073385
 199	0.661728	0.04054905
 200	0.659039	0.04027030
 201	0.656347	0.04010002
 202	0.653654	0.03997760
 203	0.650958	0.03964462
 204	0.648261	0.03950880
 205	0.645561	0.03919574
 206	0.642861	0.03908773
 207	0.640158	0.03877518
 208	0.637455	0.03863097
 209	0.634750	0.03836131
 210	0.632044	0.03813626
 211	0.629336	0.03800981
 212	0.626628	0.03781675
 213	0.623919	0.03757864
 214	0.621210	0.03737488
 215	0.618500	0.03722012
 216	0.615789	0.03699982
 217	0.613078	0.03671724
 218	0.610366	0.03658439
 219	0.607655	0.03637444
 220	0.604943	0.03630103
 221	0.602232	0.03599095
 222	0.599520	0.03578837
 223	0.596809	0.03561743
 224	0.594098	0.03542564
 225	0.591388	0.03524723
 226	0.588678	0.03515557
 227	0.585969	0.03491718
 228	0.583261	0.03469741
 229	0.580554	0.03454494
 230	0.577847	0.03433604
 231	0.575142	0.03415370
 232	0.572438	0.03397969
 233	0.569735	0.03378976
 234	0.567034	0.03367668
 235	0.564334	0.03346298
 236	0.561636	0.03330451
 237	0.558940	0.03315673
 238	0.556245	0.03294451
 239	0.553552	0.03274258
 240	0.550861	0.03263716
 241	0.548173	0.03248308
 242	0.545486	0.03226201
 243	0.542802	0.03207764
 244	0.540120	0.03196770
 245	0.537441	0.03179015
 246	0.534764	0.03164206
 247	0.532090	0.03150392
 248	0.529419	0.03130935
 249	0.526751	0.03111961
 250	0.524085	0.03094431
 251	0.521423	0.03084601
 252	0.518764	0.03068581
 253	0.516108	0.03057801
 254	0.513455	0.03040844
 255	0.510806	0.03018941
 256	0.508160	0.03001067
 257	0.505518	0.02988569
 258	0.502880	0.02966654
 259	0.500245	0.02954893
 260	0.497614	0.02944892
 261	0.494987	0.02923098
 262	0.492364	0.02904562
 263	0.489745	0.02901430
 264	0.487130	0.02884587
 265	0.484520	0.02871285
 266	0.481914	0.02854233
 267	0.479312	0.02839993
 268	0.476715	0.02824973
 269	0.474122	0.02817683
 270	0.471534	0.02798251
 271	0.468951	0.02783401
 272	0.466372	0.02767105
 273	0.463799	0.02753564
 274	0.461230	0.02740234
 275	0.458667	0.02728211
 276	0.456108	0.02714810
 277	0.453555	0.02702386
 278	0.451007	0.02685545
 279	0.448464	0.02670631
 280	0.445927	0.02645356
 281	0.443395	0.02645862
 282	0.440869	0.02632049
 283	0.438348	0.02614269
 284	0.435833	0.02600828
 285	0.433324	0.02595416
 286	0.430821	0.02586866
 287	0.428324	0.02562253
 288	0.425832	0.02551082
 289	0.423346	0.02540260
 290	0.420867	0.02526918
 291	0.418394	0.02515410
 292	0.415926	0.02502735
 293	0.413466	0.02486971
 294	0.411011	0.02477754
 295	0.408563	0.02462964
 296	0.406121	0.02444480
 297	0.403686	0.02439878
 298	0.401257	0.02419827
 299	0.398835	0.02419337
 300	0.396420	0.02405548
 301	0.394011	0.02395610
 302	0.391609	0.02377685
 303	0.389214	0.02367047
 304	0.386826	0.02352415
 305	0.384445	0.02338542
 306	0.382071	0.02327965
 307	0.379704	0.02315304
 308	0.377344	0.02308024
 309	0.374991	0.02299216
 310	0.372645	0.02280281
 311	0.370307	0.02273791
 312	0.367976	0.02249395
 313	0.365652	0.02249359
 314	0.363335	0.02240908
 315	0.361027	0.02228329
 316	0.358725	0.02214373
 317	0.356431	0.02200065
 318	0.354145	0.02184681
 319	0.351866	0.02178878
 320	0.349595	0.02170045
 321	0.347331	0.02155624
 322	0.345076	0.02148967
 323	0.342828	0.02136393
 324	0.340588	0.02121078
 325	0.338356	0.02116381
 326	0.336131	0.02099466
 327	0.333915	0.02091215
 328	0.331706	0.02081891
 329	0.329506	0.02070735
 330	0.327314	0.02059880
 331	0.325129	0.02045744
 332	0.322953	0.02041824
 333	0.320785	0.02023285
 334	0.318625	0.02014958
 335	0.316473	0.02003748
 336	0.314329	0.01991607
 337	0.312194	0.01986949
 338	0.310067	0.01980220
 339	0.307949	0.01969204
 340	0.305838	0.01955023
 341	0.303736	0.01944338
 342	0.301643	0.01936849
 343	0.299558	0.01924612
 344	0.297481	0.01916761
 345	0.295413	0.01901677
 346	0.293353	0.01895467
 347	0.291302	0.01887344
 348	0.289259	0.01870388
 349	0.287225	0.01865529
 350	0.285200	0.01849867
 351	0.283183	0.01840495
 352	0.281174	0.01832175
 353	0.279175	0.01827065
 354	0.277184	0.01814147
 355	0.275201	0.01804983
 356	0.273228	0.01792483
 357	0.271263	0.01787976
 358	0.269307	0.01774710
 359	0.267359	0.01767366
 360	0.265420	0.01761993
 361	0.263490	0.01749656
 362	0.261569	0.01741061
 363	0.259657	0.01729075
 364	0.257754	0.01718100
 365	0.255859	0.01708334
 366	0.253973	0.01700560
 367	0.252096	0.01696329
 368	0.250228	0.01683040
 369	0.248368	0.01670160
 370	0.246518	0.01663855
 371	0.244676	0.01656195
 372	0.242844	0.01648207
 373	0.241020	0.01639343
 374	0.239205	0.01630653
 375	0.237399	0.01621896
 376	0.235602	0.01613708
 377	0.233814	0.01603435
 378	0.232034	0.01594595
 379	0.230264	0.01583789
 380	0.228503	0.01579071
 381	0.226750	0.01568722
 382	0.225007	0.01559040
 383	0.223272	0.01550641
 384	0.221546	0.01541453
 385	0.219829	0.01533424
 386	0.218121	0.01527710
 387	0.216422	0.01519837
 388	0.214732	0.01509868
 389	0.213051	0.01502390
 390	0.211379	0.01495602
 391	0.209716	0.01484881
 392	0.208061	0.01471092
 393	0.206416	0.01467767
 394	0.204779	0.01456055
 395	0.203152	0.01452642
 396	0.201533	0.01444911
 397	0.199923	0.01438211
 398	0.198322	0.01424861
 399	0.196730	0.01419271
 400	0.195146	0.01410481
 401	0.193572	0.01403048
 402	0.192006	0.01391358
 403	0.190450	0.01387450
 404	0.188902	0.01380253
 405	0.187363	0.01372373
 406	0.185832	0.01366736
 407	0.184311	0.01359620
 408	0.182798	0.01346736
 409	0.181294	0.01344604
 410	0.179799	0.01333350
 411	0.178313	0.01326254
 412	0.176835	0.01319298
 413	0.175366	0.01310163
 414	0.173906	0.01300656
 415	0.172454	0.01289317
 416	0.171011	0.01285343
 417	0.169577	0.01280207
 418	0.168152	0.01271457
 419	0.166735	0.01265248
 420	0.165326	0.01254166
 421	0.163927	0.01250670
 422	0.162535	0.01242700
 423	0.161153	0.01235308
 424	0.159779	0.01227075
 425	0.158413	0.01222465
 426	0.157056	0.01217345
 427	0.155708	0.01204446
 428	0.154368	0.01198408
 429	0.153036	0.01194352
 430	0.151713	0.01183987
 431	0.150399	0.01175109
 432	0.149092	0.01169808
 433	0.147794	0.01161389
 434	0.146505	0.01156225
 435	0.145224	0.01152036
 436	0.143951	0.01141980
 437	0.142686	0.01136175
 438	0.141430	0.01128961
 439	0.140182	0.01120863
 440	0.138942	0.01114906
 441	0.137710	0.01111830
 442	0.136487	0.01101784
 443	0.135271	0.01094303
 444	0.134064	0.01090009
 445	0.132865	0.01084704
 446	0.131674	0.01077367
 447	0.130491	0.01071616
 448	0.129316	0.01063800
 449	0.128149	0.01050307
 450	0.126990	0.01049154
 451	0.125839	0.01044083
 452	0.124696	0.01035584
 453	0.123561	0.01027790
 454	0.122433	0.01023567
 455	0.121314	0.01018973
 456	0.120202	0.01008161
 457	0.119098	0.01005260
 458	0.118002	0.00997924
 459	0.116914	0.00992657
 460	0.115833	0.00986711
 461	0.114760	0.00978746
 462	0.113695	0.00969590
 463	0.112637	0.00969172
 464	0.111587	0.00961289
 465	0.110544	0.00954865
 466	0.109509	0.00949580
 467	0.108482	0.00939861
 468	0.107462	0.00934604
 469	0.106449	0.00929760
 470	0.105444	0.00927395
 471	0.104447	0.00918994
 472	0.103456	0.00910781
 473	0.102473	0.00906706
 474	0.101497	0.00900507
 475	0.100529	0.00893710
 476	0.099568	0.00887517
 477	0.098614	0.00883445
 478	0.097667	0.00875947
 479	0.096727	0.00871201
 480	0.095794	0.00868019
 481	0.094869	0.00859197
 482	0.093950	0.00855600
 483	0.093039	0.00847593
 484	0.092134	0.00842861
 485	0.091237	0.00837158
 486	0.090346	0.00830114
 487	0.089463	0.00828574
 488	0.088586	0.00821964
 489	0.087716	0.00813768
 490	0.086853	0.00811023
 491	0.085996	0.00804286
 492	0.085146	0.00797855
 493	0.084303	0.00794480
 494	0.083467	0.00786584
 495	0.082637	0.00780533
 496	0.081814	0.00778428
 497	0.080998	0.00769948
 498	0.080188	0.00766777
 499	0.079384	0.00762766
 500	0.078587	0.00757070
 501	0.077797	0.00751680
 502	0.077013	0.00745165
 503	0.076235	0.00741752
 504	0.075463	0.00733256
 505	0.074698	0.00731867
 506	0.073939	0.00726085
 507	0.073186	0.00716638
 508	0.072440	0.00715045
 509	0.071700	0.00709061
 510	0.070966	0.00705085
 511	0.070238	0.00701636
 512	0.069516	0.00696917
 513	0.068800	0.00690037
 514	0.068090	0.00687455
 515	0.067386	0.00679669
 516	0.066688	0.00676221
 517	0.065996	0.00670366
 518	0.065309	0.00666575
 519	0.064629	0.00657908
 520	0.063954	0.00654875
 521	0.063285	0.00652257
 522	0.062622	0.00646628
 523	0.061965	0.00644088
 524	0.061313	0.00637420
 525	0.060667	0.00635912
 526	0.060026	0.00629596
 527	0.059392	0.00622842
 528	0.058762	0.00619192
 529	0.058138	0.00615128
 530	0.057520	0.00609521
 531	0.056907	0.00606150
 532	0.056299	0.00602639
 533	0.055697	0.00597768
 534	0.055100	0.00593753
 535	0.054508	0.00587496
 536	0.053922	0.00583200
 537	0.053341	0.00578426
 538	0.052765	0.00574191
 539	0.052194	0.00569811
 540	0.051629	0.00564175
 541	0.051068	0.00562422
 542	0.050513	0.00554891
 543	0.049962	0.00552979
 544	0.049417	0.00548375
 545	0.048876	0.00543728
 546	0.048341	0.00540146
 547	0.047810	0.00536373
 548	0.047284	0.00532688
 549	0.046764	0.00529399
 550	0.046247	0.00522877
 551	0.045736	0.00517832
 552	0.045230	0.00515185
 553	0.044728	0.00510680
 554	0.044231	0.00506874
 555	0.043738	0.00502445
 556	0.043250	0.00500440
 557	0.042767	0.00495951
 558	0.042288	0.00492969
 559	0.041814	0.00488146
 560	0.041344	0.00485258
 561	0.040879	0.00481731
 562	0.040418	0.00475974
 563	0.039961	0.00473488
 564	0.039509	0.00468751
 565	0.039061	0.00466404
 566	0.038618	0.00463502
 567	0.038178	0.00457086
 568	0.037743	0.00455665
 569	0.037313	0.00451210
 570	0.036886	0.00447485
 571	0.036463	0.00443427
 572	0.036045	0.00439868
 573	0.035631	0.00434680
 574	0.035220	0.00431853
 575	0.034814	0.00428870
 576	0.034412	0.00424582
 577	0.034014	0.00420745
 578	0.033619	0.00416351
 579	0.033229	0.00415844
 580	0.032842	0.00410068
 581	0.032460	0.00407666
 582	0.032081	0.00403364
 583	0.031706	0.00401877
 584	0.031334	0.00397064
 585	0.030966	0.00392798
 586	0.030603	0.00390209
 587	0.030242	0.00387016
 588	0.029886	0.00384259
 589	0.029533	0.00381501
 590	0.029183	0.00376653
 591	0.028837	0.00374576
 592	0.028495	0.00369823
 593	0.028156	0.00367894
 594	0.027821	0.00364340
 595	0.027489	0.00360772
 596	0.027160	0.00359210
 597	0.026835	0.00355177
 598	0.026513	0.00351942
 599	0.026195	0.00347935
 600	0.025879	0.00345315
 601	0.025567	0.00342115
 602	0.025259	0.00338201
 603	0.024953	0.00337559
 604	0.024651	0.00333562
 605	0.024352	0.00331496
 606	0.024056	0.00326845
 607	0.023763	0.00325482
 608	0.023474	0.00321420
 609	0.023187	0.00319806
 610	0.022903	0.00317795
 611	0.022623	0.00314931
 612	0.022345	0.00310109
 613	0.022071	0.00308521
 614	0.021799	0.00304130
 615	0.021530	0.00302102
 616	0.021264	0.00300105
 617	0.021001	0.00296753
 618	0.020741	0.00293806
 619	0.020484	0.00291155
 620	0.020229	0.00288318
 621	0.019977	0.00286567
 622	0.019728	0.00282498
 623	0.019482	0.00280867
 624	0.019238	0.00278651
 625	0.018997	0.00276747
 626	0.018758	0.00272838
 627	0.018523	0.00270996
 628	0.018289	0.00268453
 629	0.018059	0.00264804
 630	0.017831	0.00263255
 631	0.017605	0.00260711
 632	0.017382	0.00258009
 633	0.017161	0.00254753
 634	0.016943	0.00252707
 635	0.016728	0.00249668
 636	0.016514	0.00248248
 637	0.016304	0.00244879
 638	0.016095	0.00243021
 639	0.015889	0.00240253
 640	0.015685	0.00238695
 641	0.015484	0.00236915
 642	0.015284	0.00232951
 643	0.015087	0.00232170
 644	0.014893	0.00229563
 645	0.014700	0.00226909
 646	0.014510	0.00225441
 647	0.014321	0.00222105
 648	0.014135	0.00219979
 649	0.013952	0.00217799
 650	0.013770	0.00215923
 651	0.013590	0.00213136
 652	0.013413	0.00211830
 653	0.013237	0.00209730
 654	0.013064	0.00206824
 655	0.012892	0.00205073
 656	0.012723	0.00202964
 657	0.012555	0.00201597
 658	0.012389	0.00199046
 659	0.012226	0.00197352
 660	0.012064	0.00194856
 661	0.011904	0.00193653
 662	0.011746	0.00191139
 663	0.011590	0.00189268
 664	0.011436	0.00186799
 665	0.011284	0.00184921
 666	0.011133	0.00184220
 667	0.010984	0.00181424
 668	0.010837	0.00178541
 669	0.010692	0.00177940
 670	0.010548	0.00175700
 671	0.010407	0.00173848
 672	0.010266	0.00171449
 673	0.010128	0.00169954
 674	0.009991	0.00168692
 675	0.009856	0.00167183
 676	0.009722	0.00165225
 677	0.009591	0.00163473
 678	0.009460	0.00160872
 679	0.009332	0.00160030
 680	0.009204	0.00157913
 681	0.009079	0.00156118
 682	0.008955	0.00154518
 683	0.008832	0.00152813
 684	0.008711	0.00151822
 685	0.008592	0.00149584
 686	0.008474	0.00148142
 687	0.008357	0.00146193
 688	0.008242	0.00145317
 689	0.008128	0.00143134
 690	0.008016	0.00140563
 691	0.007905	0.00139849
 692	0.007795	0.00138258
 693	0.007687	0.00136634
 694	0.007580	0.00135425
 695	0.007474	0.00133427
 696	0.007370	0.00132037
 697	0.007267	0.00130604
 698	0.007166	0.00129753
 699	0.007065	0.00127873
 700	0.006966	0.00125874
 701	0.006868	0.00124604
 702	0.006772	0.00124012
 703	0.006676	0.00122149
 704	0.006582	0.00120732
 705	0.006489	0.00118965
 706	0.006397	0.00117452
 707	0.006307	0.00116368
 708	0.006217	0.00114913
 709	0.006129	0.00113528
 710	0.006042	0.00112104
 711	0.005956	0.00111187
 712	0.005871	0.00110366
 713	0.005787	0.00108684
 714	0.005704	0.00107783
 715	0.005623	0.00106703
 716	0.005542	0.00104819
 717	0.005462	0.00103611
 718	0.005384	0.00102680
 719	0.005306	0.00101120
 720	0.005230	0.00100492
 721	0.005154	0.00098697
 722	0.005080	0.00097763
 723	0.005006	0.00096383
 724	0.004933	0.00095414
 725	0.004862	0.00094084
 726	0.004791	0.00093436
 727	0.004721	0.00091748
 728	0.004652	0.00090884
 729	0.004585	0.00089915
 730	0.004518	0.00088746
 731	0.004451	0.00087352
 732	0.004386	0.00086122
 733	0.004322	0.00085404
 734	0.004258	0.00084015
 735	0.004195	0.00083006
 736	0.004134	0.00082532
 737	0.004073	0.00081083
 738	0.004012	0.00080055
 739	0.003953	0.00078935
 740	0.003894	0.00078539
 741	0.003837	0.00076728
 742	0.003780	0.00076271
 743	0.003723	0.00075174
 744	0.003668	0.00074372
 745	0.003613	0.00073402
 746	0.003559	0.00072602
 747	0.003506	0.00071747
 748	0.003453	0.00070731
 749	0.003402	0.00069673
 750	0.003351	0.00068958
 751	0.003300	0.00067535
 752	0.003250	0.00067053
 753	0.003201	0.00066088
 754	0.003153	0.00065170
 755	0.003105	0.00064300
 756	0.003058	0.00063478
 757	0.003012	0.00062862
 758	0.002966	0.00061896
 759	0.002921	0.00060994
 760	0.002877	0.00060354
 761	0.002833	0.00059582
 762	0.002790	0.00059027
 763	0.002747	0.00058095
 764	0.002705	0.00057587
 765	0.002664	0.00056644
 766	0.002623	0.00055998
 767	0.002582	0.00055110
 768	0.002543	0.00054447
 769	0.002504	0.00053654
 770	0.002465	0.00052920
 771	0.002427	0.00052403
 772	0.002389	0.00051378
 773	0.002352	0.00050926
 774	0.002316	0.00050169
 775	0.002280	0.00049533
 776	0.002245	0.00048663
 777	0.002210	0.00047940
 778	0.002175	0.00047284
 779	0.002141	0.00046668
 780	0.002108	0.00046233
 781	0.002075	0.00045460
 782	0.002042	0.00044901
 783	0.002010	0.00044235
 784	0.001979	0.00043561
 785	0.001948	0.00043029
 786	0.001917	0.00042380
 787	0.001887	0.00042007
 788	0.001857	0.00041280
 789	0.001828	0.00040535
 790	0.001799	0.00039911
 791	0.001770	0.00039766
 792	0.001742	0.00039204
 793	0.001715	0.00038388
 794	0.001687	0.00037808
 795	0.001661	0.00037258
 796	0.001634	0.00036838
 797	0.001608	0.00036355
 798	0.001582	0.00035717
 799	0.001557	0.00035312
 800	0.001532	0.00034687
 801	0.001508	0.00034324
 802	0.001483	0.00033766
 803	0.001459	0.00033176
 804	0.001436	0.00032770
 805	0.001413	0.00032173
 806	0.001390	0.00031810
 807	0.001368	0.00031226
 808	0.001345	0.00030976
 809	0.001324	0.00030465
 810	0.001302	0.00030027
 811	0.001281	0.00029666
 812	0.001260	0.00029081
 813	0.001240	0.00028762
 814	0.001220	0.00028127
 815	0.001200	0.00027928
 816	0.001180	0.00027486
 817	0.001161	0.00027011
 818	0.001142	0.00026676
 819	0.001123	0.00026341
 820	0.001105	0.00025898
 821	0.001086	0.00025484
 822	0.001069	0.00025062
 823	0.001051	0.00024687
 824	0.001034	0.00024350
 825	0.001017	0.00023963
 826	0.001000	0.00023659
 827	0.000983	0.00023219
 828	0.000967	0.00022882
 829	0.000951	0.00022522
 830	0.000935	0.00022261
 831	0.000919	0.00021848
 832	0.000904	0.00021541
 833	0.000889	0.00021237
 834	0.000874	0.00020986
 835	0.000860	0.00020584
 836	0.000845	0.00020256
 837	0.000831	0.00020007
 838	0.000817	0.00019700
 839	0.000803	0.00019409
 840	0.000790	0.00019045
 841	0.000777	0.00018720
 842	0.000764	0.00018487
 843	0.000751	0.00018117
 844	0.000738	0.00017882
 845	0.000726	0.00017671
 846	0.000713	0.00017354
 847	0.000701	0.00017107
 848	0.000689	0.00016802
 849	0.000678	0.00016582
 850	0.000666	0.00016345
 851	0.000655	0.00016037
 852	0.000643	0.00015803
 853	0.000633	0.00015553
 854	0.000622	0.00015352
 855	0.000611	0.00015124
 856	0.000601	0.00014797
 857	0.000590	0.00014642
 858	0.000580	0.00014427
 859	0.000570	0.00014181
 860	0.000560	0.00013981
 861	0.000551	0.00013718
 862	0.000541	0.00013472
 863	0.000532	0.00013304
 864	0.000523	0.00013081
 865	0.000514	0.00012858
 866	0.000505	0.00012692
 867	0.000496	0.00012485
 868	0.000487	0.00012254
 869	0.000479	0.00012145
 870	0.000471	0.00011878
 871	0.000462	0.00011672
 872	0.000454	0.00011520
 873	0.000446	0.00011341
 874	0.000439	0.00011157
 875	0.000431	0.00010998
 876	0.000423	0.00010790
 877	0.000416	0.00010620
 878	0.000409	0.00010450
 879	0.000401	0.00010341
 880	0.000394	0.00010177
 881	0.000387	0.00009961
 882	0.000381	0.00009827
 883	0.000374	0.00009661
 884	0.000367	0.00009489
 885	0.000361	0.00009363
 886	0.000354	0.00009197
 887	0.000348	0.00009081
 888	0.000342	0.00008937
 889	0.000336	0.00008791
 890	0.000330	0.00008657
 891	0.000324	0.00008499
 892	0.000318	0.00008339
 893	0.000312	0.00008218
 894	0.000307	0.00008099
 895	0.000301	0.00007949
 896	0.000296	0.00007824
 897	0.000291	0.00007704
 898	0.000285	0.00007580
 899	0.000280	0.00007458
 900	0.000275	0.00007331
 901	0.000270	0.00007210
 902	0.000265	0.00007097
 903	0.000261	0.00006974
 904	0.000256	0.00006875
 905	0.000251	0.00006776
 906	0.000247	0.00006673
 907	0.000242	0.00006559
 908	0.000238	0.00006447
 909	0.000233	0.00006361
 910	0.000229	0.00006245
 911	0.000225	0.00006143
 912	0.000221	0.00006063
 913	0.000217	0.00005955
 914	0.000213	0.00005882
 915	0.000209	0.00005787
 916	0.000205	0.00005687
 917	0.000201	0.00005604
 918	0.000198	0.00005517
 919	0.000194	0.00005428
 920	0.000191	0.00005348
 921	0.000187	0.00005249
 922	0.000184	0.00005184
 923	0.000180	0.00005092
 924	0.000177	0.00005014
 925	0.000174	0.00004952
 926	0.000170	0.00004864
 927	0.000167	0.00004789
 928	0.000164	0.00004712
 929	0.000161	0.00004649
 930	0.000158	0.00004558
 931	0.000155	0.00004480
 932	0.000152	0.00004415
 933	0.000149	0.00004349
 934	0.000147	0.00004288
 935	0.000144	0.00004223
 936	0.000141	0.00004164
 937	0.000139	0.00004096
 938	0.000136	0.00004040
 939	0.000133	0.00003967
 940	0.000131	0.00003903
 941	0.000128	0.00003851
 942	0.000126	0.00003804
 943	0.000124	0.00003754
 944	0.000121	0.00003695
 945	0.000119	0.00003639
 946	0.000117	0.00003579
 947	0.000114	0.00003519
 948	0.000112	0.00003476
 949	0.000110	0.00003418
 950	0.000108	0.00003370
 951	0.000106	0.00003304
 952	0.000104	0.00003255
 953	0.000102	0.00003207
 954	0.000100	0.00003157
 955	0.000098	0.00003111
 956	0.000096	0.00003067
 957	0.000094	0.00003017
 958	0.000093	0.00002975
 959	0.000091	0.00002933
 960	0.000089	0.00002897
 961	0.000087	0.00002867
 962	0.000086	0.00002833
 963	0.000084	0.00002803
 964	0.000082	0.00002763
 965	0.000081	0.00002721
 966	0.000079	0.00002674
 967	0.000078	0.00002627
 968	0.000076	0.00002614
 969	0.000075	0.00002568
 970	0.000073	0.00002524
 971	0.000072	0.00002486
 972	0.000071	0.00002458
 973	0.000069	0.00002418
 974	0.000068	0.00002386
 975	0.000066	0.00002361
 976	0.000065	0.00002315
 977	0.000064	0.00002293
 978	0.000063	0.00002271
 979	0.000061	0.00002244
 980	0.000060	0.00002211
 981	0.000059	0.00002187
 982	0.000058	0.00002156
 983	0.000057	0.00002123
 984	0.000056	0.00002099
 985	0.000055	0.00002060
 986	0.000053	0.00002038
 987	0.000052	0.00002011
 988	0.000051	0.00001994
 989	0.000050	0.00001975
 990	0.000049	0.00001935
 991	0.000048	0.00001922
 992	0.000047	0.00001893
 993	0.000046	0.00001875
 994	0.000046	0.00001857
 995	0.000045	0.00001832
 996	0.000044	0.00001807
 997	0.000043	0.00001787
 998	0.000042	0.00001775
 999	0.000041	0.00001756
1000	0.000040	0.00001739
1001	0.000000	0.00000000
# the last row (ts 1001) is a safeguard.
